 Test data for Multiq Applications Package (March 1991)
 IUSER    20             2. N_d = No. of data sets
 NLINF                   3. 2*N_d - 1, or N_d, or N_d - 1.
 IUSER    21           100. Last subscript for data set 1 (0. for automatic)
 NG                     62. !g2 (from 31.)
 LUSER    29             1. !g2
 RUSER    52            1.5 !g2
 IQUAD                   1. !g2
 IPRINT    2             2. !g2
 GMNMX     1          1.E-3
 GMNMX     2             1.
 DOUSNQ                  1.
 IWT                     5.
 NINTT                   2.
 END
 NSTEND  100             4.           400.
 NSTEND  100             1.           100.
   0.101461E+01   0.869434E+00   0.757796E+00   0.669670E+00   0.598397E+00
   0.539350E+00   0.489319E+00   0.446144E+00   0.408289E+00   0.374747E+00
   0.344727E+00   0.317633E+00   0.293042E+00   0.270543E+00   0.249943E+00
   0.231092E+00   0.213768E+00   0.197922E+00   0.183125E+00   0.169512E+00
   0.157178E+00   0.145685E+00   0.135158E+00   0.125520E+00   0.116353E+00
   0.107942E+00   0.100205E+00   0.932288E-01   0.864637E-01   0.804146E-01
   0.749641E-01   0.700438E-01   0.652490E-01   0.607576E-01   0.567784E-01
   0.531105E-01   0.493187E-01   0.460372E-01   0.431910E-01   0.404522E-01
   0.378147E-01   0.357411E-01   0.333182E-01   0.316820E-01   0.299274E-01
   0.281810E-01   0.259076E-01   0.252005E-01   0.239875E-01   0.226286E-01
   0.214377E-01   0.203678E-01   0.195646E-01   0.188134E-01   0.176190E-01
   0.165440E-01   0.164967E-01   0.160406E-01   0.150522E-01   0.149299E-01
   0.147493E-01   0.134285E-01   0.119765E-01   0.124566E-01   0.124262E-01
   0.119720E-01   0.114635E-01   0.114675E-01   0.112489E-01   0.109842E-01
   0.110338E-01   0.104251E-01   0.104004E-01   0.981974E-02   0.104492E-01
   0.797704E-02   0.104121E-01   0.999002E-02   0.972600E-02   0.886445E-02
   0.809149E-02   0.988726E-02   0.870073E-02   0.925985E-02   0.916825E-02
   0.873887E-02   0.826959E-02   0.901733E-02   0.906583E-02   0.895617E-02
   0.901305E-02   0.861764E-02   0.916938E-02   0.834495E-02   0.894610E-02
   0.882234E-02   0.840116E-02   0.860118E-02   0.872645E-02   0.778244E-02
   0.575080E+00   0.548239E+00   0.523323E+00   0.500062E+00   0.478423E+00
   0.458236E+00   0.439331E+00   0.421625E+00   0.405008E+00   0.389451E+00
   0.374855E+00   0.361120E+00   0.348179E+00   0.335912E+00   0.324313E+00
   0.313364E+00   0.302986E+00   0.293193E+00   0.283766E+00   0.274817E+00
   0.266413E+00   0.258332E+00   0.250654E+00   0.243346E+00   0.236226E+00
   0.229434E+00   0.222937E+00   0.216768E+00   0.210715E+00   0.204975E+00
   0.199499E+00   0.194256E+00   0.189113E+00   0.184135E+00   0.179383E+00
   0.174792E+00   0.170242E+00   0.165910E+00   0.161768E+00   0.157728E+00
   0.153790E+00   0.150061E+00   0.146325E+00   0.142840E+00   0.139399E+00
   0.136030E+00   0.132627E+00   0.129611E+00   0.126560E+00   0.123545E+00
   0.120629E+00   0.117799E+00   0.115082E+00   0.112434E+00   0.109765E+00
   0.107178E+00   0.104829E+00   0.102463E+00   0.100056E+00   0.978558E-01
   0.956978E-01   0.933859E-01   0.911152E-01   0.892057E-01   0.872641E-01
   0.852954E-01   0.833618E-01   0.815599E-01   0.797623E-01   0.779977E-01
   0.763303E-01   0.745827E-01   0.729791E-01   0.713125E-01   0.699047E-01
   0.679884E-01   0.669606E-01   0.654586E-01   0.640213E-01   0.625016E-01
   0.610378E-01   0.600953E-01   0.585909E-01   0.574732E-01   0.562524E-01
   0.549873E-01   0.537423E-01   0.527814E-01   0.516999E-01   0.506076E-01
   0.495791E-01   0.484673E-01   0.476075E-01   0.464347E-01   0.456337E-01
   0.446760E-01   0.436632E-01   0.428297E-01   0.419997E-01   0.409098E-01
